376.5
368.8
339.5
350.4
357.3
333.7
349.7
329.3
353.1
333.5
320.7
330.0
330.7
343.7
366.5
316.9
346.0
307.5
309.7
324.7
318.8
312.2
336.9
319.1
332.6
295.7
269.2
339.7
315.4
312.6
286.0
313.9
305.3
296.4
318.5
321.5
315.6
306.3
331.3
328.3
326.3
311.3
284.1
339.7
286.3
282.9
296.4
320.3
292.6
287.8
293.3
300.4
296.2
314.6
322.2
260.3
283.0
249.0
262.1
297.1
289.3
256.4
276.8
274.5
297.3
301.9
284.8
308.8
314.6
300.8
264.9
280.3
266.8
314.7
271.5
253.4
303.5
318.0
287.6
315.3
231.7
260.6
295.8
297.0
259.5
302.4
259.9
256.5
261.9
296.8
316.2
298.2
274.4
